1623870078
335473738
219956661
773942066
1905818315
1852186247
1477792923
1880516909
1287079283
1603724309
672000256
1812411909
791766359
344543938
373053492
1843994211
1002100061
331321127
867102125
2145222909
2010995333
594590327
147548207
1436382552
142620025
477884582
1474393031
78529382
157679134
1562206694
1412570486
1902033193
1147782064
107918727
2123266725
1363709023
691483866
1951441412
1196956420
1258013584
1568642236
507692349
2032685187
1557135590
1423025973
744992723
1841735713
138018137
2083257880
1666314224